Analytic error analysis:

Field 3 : Dependent Field

Variable 1 : U

Component 1 : 1

Nodal errors:
     Node#  Deriv#     Numerical      Analytic       % error  Absolute err  Relative err
         1       1   0.77977E+00   0.77977E+00   0.00000E+00   0.00000E+00   0.00000E+00
         2       1   0.88360E+00   0.88360E+00   0.00000E+00   0.00000E+00   0.00000E+00
         3       1   0.10013E+01   0.10013E+01   0.00000E+00   0.00000E+00   0.00000E+00
         4       1   0.11346E+01   0.11346E+01   0.00000E+00   0.00000E+00   0.00000E+00
         5       1   0.12856E+01   0.12856E+01   0.00000E+00   0.00000E+00   0.00000E+00
         6       1   0.80453E+00   0.80453E+00   0.00000E+00   0.00000E+00   0.00000E+00
         7       1   0.91165E+00   0.91165E+00   0.00000E+00   0.00000E+00   0.00000E+00
         8       1   0.10330E+01   0.10330E+01   0.00000E+00   0.00000E+00   0.00000E+00
         9       1   0.11706E+01   0.11706E+01   0.00000E+00   0.00000E+00   0.00000E+00
        10       1   0.13264E+01   0.13264E+01   0.00000E+00   0.00000E+00   0.00000E+00
        11       1   0.83007E+00   0.83007E+00   0.00000E+00   0.00000E+00   0.00000E+00
        12       1   0.94059E+00   0.94059E+00   0.00000E+00   0.00000E+00   0.00000E+00
        13       1   0.10658E+01   0.10658E+01   0.00000E+00   0.00000E+00   0.00000E+00
        14       1   0.12077E+01   0.12077E+01   0.00000E+00   0.00000E+00   0.00000E+00
        15       1   0.13685E+01   0.13685E+01   0.00000E+00   0.00000E+00   0.00000E+00
        16       1   0.85642E+00   0.85642E+00   0.00000E+00   0.00000E+00   0.00000E+00
        17       1   0.97045E+00   0.97045E+00   0.00000E+00   0.00000E+00   0.00000E+00
        18       1   0.10997E+01   0.10997E+01   0.00000E+00   0.00000E+00   0.00000E+00
        19       1   0.12461E+01   0.12461E+01   0.00000E+00   0.00000E+00   0.00000E+00
        20       1   0.14120E+01   0.14120E+01   0.00000E+00   0.00000E+00   0.00000E+00
        21       1   0.88360E+00   0.88360E+00   0.00000E+00   0.00000E+00   0.00000E+00
        22       1   0.10013E+01   0.10013E+01   0.00000E+00   0.00000E+00   0.00000E+00
        23       1   0.11346E+01   0.11346E+01   0.00000E+00   0.00000E+00   0.00000E+00
        24       1   0.12856E+01   0.12856E+01   0.00000E+00   0.00000E+00   0.00000E+00
        25       1   0.14568E+01   0.14568E+01   0.00000E+00   0.00000E+00   0.00000E+00
        46       1   0.94059E+00   0.94059E+00   0.00000E+00   0.00000E+00   0.00000E+00
        47       1   0.10658E+01   0.10658E+01   0.00000E+00   0.00000E+00   0.00000E+00
        48       1   0.12077E+01   0.12077E+01   0.00000E+00   0.00000E+00   0.00000E+00
        49       1   0.13685E+01   0.13685E+01   0.00000E+00   0.00000E+00   0.00000E+00
        50       1   0.15508E+01   0.15508E+01   0.00000E+00   0.00000E+00   0.00000E+00
        51       1   0.97045E+00   0.97045E+00   0.00000E+00   0.00000E+00   0.00000E+00
        52       1   0.11147E+01   0.10997E+01  -0.13691E+01   0.15056E-01  -0.71707E-02
        53       1   0.12654E+01   0.12461E+01  -0.15497E+01   0.19311E-01  -0.85976E-02
        54       1   0.14322E+01   0.14120E+01  -0.14282E+01   0.20166E-01  -0.83608E-02
        55       1   0.16000E+01   0.16000E+01   0.00000E+00   0.00000E+00   0.00000E+00
        56       1   0.10013E+01   0.10013E+01   0.00000E+00   0.00000E+00   0.00000E+00
        57       1   0.11607E+01   0.11346E+01  -0.23037E+01   0.26137E-01  -0.12245E-01
        58       1   0.13199E+01   0.12856E+01  -0.26667E+01   0.34284E-01  -0.15000E-01
        59       1   0.14914E+01   0.14568E+01  -0.23769E+01   0.34627E-01  -0.14094E-01
        60       1   0.16508E+01   0.16508E+01   0.00000E+00   0.00000E+00   0.00000E+00
        61       1   0.10330E+01   0.10330E+01   0.00000E+00   0.00000E+00   0.00000E+00
        62       1   0.12035E+01   0.11706E+01  -0.28162E+01   0.32966E-01  -0.15188E-01
        63       1   0.13701E+01   0.13264E+01  -0.32926E+01   0.43674E-01  -0.18773E-01
        64       1   0.15465E+01   0.15031E+01  -0.28877E+01   0.43404E-01  -0.17340E-01
        65       1   0.17032E+01   0.17032E+01   0.00000E+00   0.00000E+00   0.00000E+00
        66       1   0.10658E+01   0.10658E+01   0.00000E+00   0.00000E+00   0.00000E+00
        67       1   0.12435E+01   0.12077E+01  -0.29590E+01   0.35737E-01  -0.16187E-01
        68       1   0.14159E+01   0.13685E+01  -0.34613E+01   0.47370E-01  -0.19999E-01
        69       1   0.15977E+01   0.15508E+01  -0.30273E+01   0.46946E-01  -0.18405E-01
        70       1   0.17572E+01   0.17572E+01   0.00000E+00   0.00000E+00   0.00000E+00
        91       1   0.11346E+01   0.11346E+01   0.00000E+00   0.00000E+00   0.00000E+00
        92       1   0.12856E+01   0.12856E+01   0.00000E+00   0.00000E+00   0.00000E+00
        93       1   0.14568E+01   0.14568E+01   0.00000E+00   0.00000E+00   0.00000E+00
        94       1   0.16508E+01   0.16508E+01   0.00000E+00   0.00000E+00   0.00000E+00
        95       1   0.18706E+01   0.18706E+01   0.00000E+00   0.00000E+00   0.00000E+00
        96       1   0.11706E+01   0.11706E+01   0.00000E+00   0.00000E+00   0.00000E+00
        97       1   0.13463E+01   0.13264E+01  -0.15002E+01   0.19899E-01  -0.85535E-02
        98       1   0.15289E+01   0.15031E+01  -0.17197E+01   0.25848E-01  -0.10326E-01
        99       1   0.17290E+01   0.17032E+01  -0.15179E+01   0.25852E-01  -0.95635E-02
       100       1   0.19300E+01   0.19300E+01   0.00000E+00   0.00000E+00   0.00000E+00
       101       1   0.12077E+01   0.12077E+01   0.00000E+00   0.00000E+00   0.00000E+00
       102       1   0.14034E+01   0.13685E+01  -0.25474E+01   0.34863E-01  -0.14719E-01
       103       1   0.15970E+01   0.15508E+01  -0.29798E+01   0.46210E-01  -0.18116E-01
       104       1   0.18022E+01   0.17572E+01  -0.25557E+01   0.44909E-01  -0.16288E-01
       105       1   0.19912E+01   0.19912E+01   0.00000E+00   0.00000E+00   0.00000E+00
       106       1   0.12461E+01   0.12461E+01   0.00000E+00   0.00000E+00   0.00000E+00
       107       1   0.14561E+01   0.14120E+01  -0.31267E+01   0.44148E-01  -0.18304E-01
       108       1   0.16591E+01   0.16000E+01  -0.36921E+01   0.59074E-01  -0.22721E-01
       109       1   0.18696E+01   0.18130E+01  -0.31215E+01   0.56594E-01  -0.20119E-01
       110       1   0.20544E+01   0.20544E+01   0.00000E+00   0.00000E+00   0.00000E+00
       111       1   0.12856E+01   0.12856E+01   0.00000E+00   0.00000E+00   0.00000E+00
       112       1   0.15046E+01   0.14568E+01  -0.32818E+01   0.47810E-01  -0.19460E-01
       113       1   0.17148E+01   0.16508E+01  -0.38789E+01   0.64033E-01  -0.24156E-01
       114       1   0.19318E+01   0.18706E+01  -0.32713E+01   0.61192E-01  -0.21317E-01
       115       1   0.21196E+01   0.21196E+01   0.00000E+00   0.00000E+00   0.00000E+00
       136       1   0.13685E+01   0.13685E+01   0.00000E+00   0.00000E+00   0.00000E+00
       137       1   0.15508E+01   0.15508E+01   0.00000E+00   0.00000E+00   0.00000E+00
       138       1   0.17572E+01   0.17572E+01   0.00000E+00   0.00000E+00   0.00000E+00
       139       1   0.19912E+01   0.19912E+01   0.00000E+00   0.00000E+00   0.00000E+00
       140       1   0.22564E+01   0.22564E+01   0.00000E+00   0.00000E+00   0.00000E+00
       141       1   0.14120E+01   0.14120E+01   0.00000E+00   0.00000E+00   0.00000E+00
       142       1   0.16258E+01   0.16000E+01  -0.16145E+01   0.25832E-01  -0.99355E-02
       143       1   0.18461E+01   0.18130E+01  -0.18257E+01   0.33100E-01  -0.11767E-01
       144       1   0.20880E+01   0.20544E+01  -0.16321E+01   0.33530E-01  -0.10978E-01
       145       1   0.23280E+01   0.23280E+01   0.00000E+00   0.00000E+00   0.00000E+00
       146       1   0.14568E+01   0.14568E+01   0.00000E+00   0.00000E+00   0.00000E+00
       147       1   0.16957E+01   0.16508E+01  -0.27231E+01   0.44953E-01  -0.16958E-01
       148       1   0.19295E+01   0.18706E+01  -0.31494E+01   0.58912E-01  -0.20523E-01
       149       1   0.21775E+01   0.21196E+01  -0.27282E+01   0.57829E-01  -0.18537E-01
       150       1   0.24019E+01   0.24019E+01   0.00000E+00   0.00000E+00   0.00000E+00
       151       1   0.15031E+01   0.15031E+01   0.00000E+00   0.00000E+00   0.00000E+00
       152       1   0.17599E+01   0.17032E+01  -0.33325E+01   0.56759E-01  -0.20997E-01
       153       1   0.20051E+01   0.19300E+01  -0.38943E+01   0.75159E-01  -0.25652E-01
       154       1   0.22596E+01   0.21869E+01  -0.33218E+01   0.72645E-01  -0.22795E-01
       155       1   0.24781E+01   0.24781E+01   0.00000E+00   0.00000E+00   0.00000E+00
       156       1   0.15508E+01   0.15508E+01   0.00000E+00   0.00000E+00   0.00000E+00
       157       1   0.18187E+01   0.17572E+01  -0.34951E+01   0.61418E-01  -0.22275E-01
       158       1   0.20726E+01   0.19912E+01  -0.40891E+01   0.81423E-01  -0.27221E-01
       159       1   0.23348E+01   0.22564E+01  -0.34782E+01   0.78480E-01  -0.24100E-01
       160       1   0.25568E+01   0.25568E+01   0.00000E+00   0.00000E+00   0.00000E+00
       181       1   0.16508E+01   0.16508E+01   0.00000E+00   0.00000E+00   0.00000E+00
        26       1   0.91165E+00   0.91165E+00   0.00000E+00   0.00000E+00   0.00000E+00
        27       1   0.10330E+01   0.10330E+01   0.00000E+00   0.00000E+00   0.00000E+00
        28       1   0.11706E+01   0.11706E+01   0.00000E+00   0.00000E+00   0.00000E+00
        29       1   0.13264E+01   0.13264E+01   0.00000E+00   0.00000E+00   0.00000E+00
        30       1   0.15031E+01   0.15031E+01   0.00000E+00   0.00000E+00   0.00000E+00
        31       1   0.94059E+00   0.94059E+00   0.00000E+00   0.00000E+00   0.00000E+00
        32       1   0.10658E+01   0.10658E+01   0.00000E+00   0.00000E+00   0.00000E+00
        33       1   0.12077E+01   0.12077E+01   0.00000E+00   0.00000E+00   0.00000E+00
        34       1   0.13685E+01   0.13685E+01   0.00000E+00   0.00000E+00   0.00000E+00
        35       1   0.15508E+01   0.15508E+01   0.00000E+00   0.00000E+00   0.00000E+00
        71       1   0.10997E+01   0.10997E+01   0.00000E+00   0.00000E+00   0.00000E+00
        72       1   0.12804E+01   0.12461E+01  -0.27555E+01   0.34336E-01  -0.15287E-01
        73       1   0.14571E+01   0.14120E+01  -0.31951E+01   0.45115E-01  -0.18704E-01
        74       1   0.16452E+01   0.16000E+01  -0.28238E+01   0.45180E-01  -0.17377E-01
        75       1   0.18130E+01   0.18130E+01   0.00000E+00   0.00000E+00   0.00000E+00
        76       1   0.11346E+01   0.11346E+01   0.00000E+00   0.00000E+00   0.00000E+00
        77       1   0.13140E+01   0.12856E+01  -0.22048E+01   0.28346E-01  -0.12402E-01
        78       1   0.14934E+01   0.14568E+01  -0.25087E+01   0.36546E-01  -0.14876E-01
        79       1   0.16883E+01   0.16508E+01  -0.22715E+01   0.37498E-01  -0.14146E-01
        80       1   0.18706E+01   0.18706E+01   0.00000E+00   0.00000E+00   0.00000E+00
       116       1   0.13264E+01   0.13264E+01   0.00000E+00   0.00000E+00   0.00000E+00
       117       1   0.15487E+01   0.15031E+01  -0.30373E+01   0.45653E-01  -0.18239E-01
       118       1   0.17639E+01   0.17032E+01  -0.35633E+01   0.60690E-01  -0.22451E-01
       119       1   0.19885E+01   0.19300E+01  -0.30329E+01   0.58534E-01  -0.19978E-01
       120       1   0.21869E+01   0.21869E+01   0.00000E+00   0.00000E+00   0.00000E+00
       121       1   0.13685E+01   0.13685E+01   0.00000E+00   0.00000E+00   0.00000E+00
       122       1   0.15880E+01   0.15508E+01  -0.24029E+01   0.37264E-01  -0.14609E-01
       123       1   0.18060E+01   0.17572E+01  -0.27728E+01   0.48725E-01  -0.17671E-01
       124       1   0.20392E+01   0.19912E+01  -0.24111E+01   0.48011E-01  -0.16051E-01
       125       1   0.22564E+01   0.22564E+01   0.00000E+00   0.00000E+00   0.00000E+00
       161       1   0.16000E+01   0.16000E+01   0.00000E+00   0.00000E+00   0.00000E+00
       162       1   0.18718E+01   0.18130E+01  -0.32387E+01   0.58719E-01  -0.20874E-01
       163       1   0.21317E+01   0.20544E+01  -0.37595E+01   0.77236E-01  -0.25287E-01
       164       1   0.24031E+01   0.23280E+01  -0.32290E+01   0.75170E-01  -0.22587E-01
       165       1   0.26379E+01   0.26379E+01   0.00000E+00   0.00000E+00   0.00000E+00
       166       1   0.16508E+01   0.16508E+01   0.00000E+00   0.00000E+00   0.00000E+00
       167       1   0.19187E+01   0.18706E+01  -0.25714E+01   0.48100E-01  -0.16756E-01
       168       1   0.21818E+01   0.21196E+01  -0.29326E+01   0.62160E-01  -0.19925E-01
       169       1   0.24638E+01   0.24019E+01  -0.25768E+01   0.61893E-01  -0.18194E-01
       170       1   0.27217E+01   0.27217E+01   0.00000E+00   0.00000E+00   0.00000E+00
       182       1   0.18706E+01   0.18706E+01   0.00000E+00   0.00000E+00   0.00000E+00
       183       1   0.21196E+01   0.21196E+01   0.00000E+00   0.00000E+00   0.00000E+00
       184       1   0.24019E+01   0.24019E+01   0.00000E+00   0.00000E+00   0.00000E+00
       185       1   0.27217E+01   0.27217E+01   0.00000E+00   0.00000E+00   0.00000E+00
       186       1   0.17032E+01   0.17032E+01   0.00000E+00   0.00000E+00   0.00000E+00
       187       1   0.19617E+01   0.19300E+01  -0.16469E+01   0.31785E-01  -0.10848E-01
       188       1   0.22278E+01   0.21869E+01  -0.18689E+01   0.40871E-01  -0.12825E-01
       189       1   0.25192E+01   0.24781E+01  -0.16561E+01   0.41040E-01  -0.11800E-01
       190       1   0.28081E+01   0.28081E+01   0.00000E+00   0.00000E+00   0.00000E+00
       191       1   0.17572E+01   0.17572E+01   0.00000E+00   0.00000E+00   0.00000E+00
       192       1   0.20467E+01   0.19912E+01  -0.27868E+01   0.55491E-01  -0.18551E-01
       193       1   0.23293E+01   0.22564E+01  -0.32310E+01   0.72904E-01  -0.22388E-01
       194       1   0.26278E+01   0.25568E+01  -0.27793E+01   0.71061E-01  -0.19979E-01
       195       1   0.28972E+01   0.28972E+01   0.00000E+00   0.00000E+00   0.00000E+00
       196       1   0.18130E+01   0.18130E+01   0.00000E+00   0.00000E+00   0.00000E+00
       197       1   0.21246E+01   0.20544E+01  -0.34148E+01   0.70154E-01  -0.22968E-01
       198       1   0.24211E+01   0.23280E+01  -0.39992E+01   0.93099E-01  -0.27975E-01
       199       1   0.27274E+01   0.26379E+01  -0.33894E+01   0.89411E-01  -0.24577E-01
       200       1   0.29892E+01   0.29892E+01   0.00000E+00   0.00000E+00   0.00000E+00
       201       1   0.18706E+01   0.18706E+01   0.00000E+00   0.00000E+00   0.00000E+00
       202       1   0.21956E+01   0.21196E+01  -0.35812E+01   0.75908E-01  -0.24332E-01
       203       1   0.25027E+01   0.24019E+01  -0.41991E+01   0.10086E+00  -0.29647E-01
       204       1   0.28183E+01   0.27217E+01  -0.35492E+01   0.96599E-01  -0.25956E-01
       205       1   0.30841E+01   0.30841E+01   0.00000E+00   0.00000E+00   0.00000E+00
       206       1   0.19300E+01   0.19300E+01   0.00000E+00   0.00000E+00   0.00000E+00
       207       1   0.22594E+01   0.21869E+01  -0.33140E+01   0.72474E-01  -0.22741E-01
       208       1   0.25737E+01   0.24781E+01  -0.38568E+01   0.95577E-01  -0.27480E-01
       209       1   0.29005E+01   0.28081E+01  -0.32903E+01   0.92393E-01  -0.24262E-01
       210       1   0.31820E+01   0.31820E+01   0.00000E+00   0.00000E+00   0.00000E+00
       211       1   0.19912E+01   0.19912E+01   0.00000E+00   0.00000E+00   0.00000E+00
       212       1   0.23156E+01   0.22564E+01  -0.26237E+01   0.59200E-01  -0.18180E-01
       213       1   0.26335E+01   0.25568E+01  -0.30023E+01   0.76763E-01  -0.21582E-01
       214       1   0.29731E+01   0.28972E+01  -0.26176E+01   0.75838E-01  -0.19460E-01
       215       1   0.32830E+01   0.32830E+01   0.00000E+00   0.00000E+00   0.00000E+00
       226       1   0.19912E+01   0.19912E+01   0.00000E+00   0.00000E+00   0.00000E+00
       227       1   0.22564E+01   0.22564E+01   0.00000E+00   0.00000E+00   0.00000E+00
       228       1   0.25568E+01   0.25568E+01   0.00000E+00   0.00000E+00   0.00000E+00
       229       1   0.28972E+01   0.28972E+01   0.00000E+00   0.00000E+00   0.00000E+00
       230       1   0.32830E+01   0.32830E+01   0.00000E+00   0.00000E+00   0.00000E+00
       231       1   0.20544E+01   0.20544E+01   0.00000E+00   0.00000E+00   0.00000E+00
       232       1   0.23675E+01   0.23280E+01  -0.16976E+01   0.39519E-01  -0.11875E-01
       233       1   0.26882E+01   0.26379E+01  -0.19050E+01   0.50253E-01  -0.13814E-01
       234       1   0.30402E+01   0.29892E+01  -0.17083E+01   0.51064E-01  -0.12801E-01
       235       1   0.33872E+01   0.33872E+01   0.00000E+00   0.00000E+00   0.00000E+00
       236       1   0.21196E+01   0.21196E+01   0.00000E+00   0.00000E+00   0.00000E+00
       237       1   0.24704E+01   0.24019E+01  -0.28546E+01   0.68564E-01  -0.20155E-01
       238       1   0.28110E+01   0.27217E+01  -0.32803E+01   0.89278E-01  -0.23989E-01
       239       1   0.31719E+01   0.30841E+01  -0.28478E+01   0.87827E-01  -0.21505E-01
       240       1   0.34947E+01   0.34947E+01   0.00000E+00   0.00000E+00   0.00000E+00
       241       1   0.21869E+01   0.21869E+01   0.00000E+00   0.00000E+00   0.00000E+00
       242       1   0.25646E+01   0.24781E+01  -0.34881E+01   0.86440E-01  -0.24853E-01
       243       1   0.29219E+01   0.28081E+01  -0.40523E+01   0.11379E+00  -0.29882E-01
       244       1   0.32921E+01   0.31820E+01  -0.34625E+01   0.11018E+00  -0.26345E-01
       245       1   0.36056E+01   0.36056E+01   0.00000E+00   0.00000E+00   0.00000E+00
       246       1   0.22564E+01   0.22564E+01   0.00000E+00   0.00000E+00   0.00000E+00
       247       1   0.26502E+01   0.25568E+01  -0.36555E+01   0.93464E-01  -0.26278E-01
       248       1   0.30204E+01   0.28972E+01  -0.42528E+01   0.12321E+00  -0.31615E-01
       249       1   0.34019E+01   0.32830E+01  -0.36229E+01   0.11894E+00  -0.27770E-01
       250       1   0.37201E+01   0.37201E+01   0.00000E+00   0.00000E+00   0.00000E+00
       251       1   0.23280E+01   0.23280E+01   0.00000E+00   0.00000E+00   0.00000E+00
       252       1   0.27273E+01   0.26379E+01  -0.33871E+01   0.89349E-01  -0.24560E-01
       253       1   0.31060E+01   0.29892E+01  -0.39095E+01   0.11686E+00  -0.29295E-01
       254       1   0.35011E+01   0.33872E+01  -0.33630E+01   0.11391E+00  -0.25965E-01
       255       1   0.38382E+01   0.38382E+01   0.00000E+00   0.00000E+00   0.00000E+00
       256       1   0.24019E+01   0.24019E+01   0.00000E+00   0.00000E+00   0.00000E+00
       257       1   0.27949E+01   0.27217E+01  -0.26910E+01   0.73240E-01  -0.19679E-01
       258       1   0.31782E+01   0.30841E+01  -0.30507E+01   0.94084E-01  -0.23037E-01
       259       1   0.35886E+01   0.34947E+01  -0.26854E+01   0.93848E-01  -0.20880E-01
       260       1   0.39600E+01   0.39600E+01   0.00000E+00   0.00000E+00   0.00000E+00
       271       1   0.24019E+01   0.24019E+01   0.00000E+00   0.00000E+00   0.00000E+00
       272       1   0.27217E+01   0.27217E+01   0.00000E+00   0.00000E+00   0.00000E+00
       273       1   0.30841E+01   0.30841E+01   0.00000E+00   0.00000E+00   0.00000E+00
       274       1   0.34947E+01   0.34947E+01   0.00000E+00   0.00000E+00   0.00000E+00
       275       1   0.39600E+01   0.39600E+01   0.00000E+00   0.00000E+00   0.00000E+00
       276       1   0.24781E+01   0.24781E+01   0.00000E+00   0.00000E+00   0.00000E+00
       277       1   0.28529E+01   0.28081E+01  -0.15945E+01   0.44776E-01  -0.11758E-01
       278       1   0.32402E+01   0.31820E+01  -0.18310E+01   0.58262E-01  -0.13932E-01
       279       1   0.36629E+01   0.36056E+01  -0.15893E+01   0.57304E-01  -0.12442E-01
       280       1   0.40857E+01   0.40857E+01   0.00000E+00   0.00000E+00   0.00000E+00
       281       1   0.25568E+01   0.25568E+01   0.00000E+00   0.00000E+00   0.00000E+00
       282       1   0.29759E+01   0.28972E+01  -0.27171E+01   0.78721E-01  -0.20199E-01
       283       1   0.33874E+01   0.32830E+01  -0.31808E+01   0.10442E+00  -0.24381E-01
       284       1   0.38201E+01   0.37201E+01  -0.26879E+01   0.99991E-01  -0.21184E-01
       285       1   0.42154E+01   0.42154E+01   0.00000E+00   0.00000E+00   0.00000E+00
       286       1   0.26379E+01   0.26379E+01   0.00000E+00   0.00000E+00   0.00000E+00
       287       1   0.30890E+01   0.29892E+01  -0.33395E+01   0.99824E-01  -0.25024E-01
       288       1   0.35208E+01   0.33872E+01  -0.39456E+01   0.13364E+00  -0.30462E-01
       289       1   0.39644E+01   0.38382E+01  -0.32891E+01   0.12624E+00  -0.26093E-01
       290       1   0.43492E+01   0.43492E+01   0.00000E+00   0.00000E+00   0.00000E+00
       291       1   0.27217E+01   0.27217E+01   0.00000E+00   0.00000E+00   0.00000E+00
       292       1   0.31921E+01   0.30841E+01  -0.35027E+01   0.10803E+00  -0.26450E-01
       293       1   0.36395E+01   0.34947E+01  -0.41431E+01   0.14479E+00  -0.32213E-01
       294       1   0.40965E+01   0.39600E+01  -0.34451E+01   0.13643E+00  -0.27505E-01
       295       1   0.44873E+01   0.44873E+01   0.00000E+00   0.00000E+00   0.00000E+00
       296       1   0.28081E+01   0.28081E+01   0.00000E+00   0.00000E+00   0.00000E+00
       297       1   0.32848E+01   0.31820E+01  -0.32327E+01   0.10286E+00  -0.24597E-01
       298       1   0.37426E+01   0.36056E+01  -0.37977E+01   0.13693E+00  -0.29732E-01
       299       1   0.42159E+01   0.40857E+01  -0.31850E+01   0.13013E+00  -0.25587E-01
       300       1   0.46297E+01   0.46297E+01   0.00000E+00   0.00000E+00   0.00000E+00
       301       1   0.28972E+01   0.28972E+01   0.00000E+00   0.00000E+00   0.00000E+00
       302       1   0.33665E+01   0.32830E+01  -0.25449E+01   0.83547E-01  -0.19507E-01
       303       1   0.38296E+01   0.37201E+01  -0.29439E+01   0.10952E+00  -0.23202E-01
       304       1   0.43216E+01   0.42154E+01  -0.25189E+01   0.10618E+00  -0.20359E-01
       305       1   0.47767E+01   0.47767E+01   0.00000E+00   0.00000E+00   0.00000E+00

Local RMS errors:
            Deriv#                                   % error  Absolute err  Relative err
                 1                               0.17009E+01   0.28662E-01   0.10556E-01
Local + Ghost RMS errors:
            Deriv#                                   % error  Absolute err  Relative err
                 1                               0.19898E+01   0.49383E-01   0.13751E-01
Global RMS errors:
            Deriv#                                   % error  Absolute err  Relative err
                 1                               0.17098E+01   0.48236E-01   0.12140E-01

Local Integral errors:
Component#             Numerical      Analytic       % error  Absolute err  Relative err
         1  Intg     0.61313E+00   0.60188E+00  -0.18686E+01   0.11247E-01  -0.70210E-02
            Intg^2   0.10739E+01   0.10333E+01  -0.39281E+01   0.40588E-01  -0.19962E-01
Component#             Numerical      Analytic           NID        NID(%)
         1  Diff    -0.11247E-01   0.60188E+00   0.10187E+01   0.10187E+03
            Diff^2   0.55964E-03   0.10333E+01   0.99946E+00   0.99946E+02
Local + Ghost Integral errors:
Component#             Numerical      Analytic       % error  Absolute err  Relative err
         1  Intg     0.17745E+01   0.17361E+01  -0.22105E+01   0.38377E-01  -0.14026E-01
            Intg^2   0.10739E+01   0.10333E+01  -0.39281E+01   0.40588E-01  -0.19962E-01
Component#             Numerical      Analytic           NID        NID(%)
         1  Diff    -0.38377E-01   0.17361E+01   0.10221E+01   0.10221E+03
            Diff^2   0.27986E-02   0.40352E+01   0.99931E+00   0.99931E+02
Global Integral errors:
Component#             Numerical      Analytic       % error  Absolute err  Relative err
         1  Intg     0.40736E+01   0.40019E+01   0.99931E+00   0.71678E-01  -0.14330E-01
            Intg^2   0.13383E+02   0.12937E+02  -0.34459E+01   0.44579E+00  -0.31986E-01
Component#             Numerical      Analytic           NID        NID(%)
         1  Diff    -0.71678E-01   0.40019E+01   0.10179E+01   0.10179E+03
            Diff^2   0.59892E-02   0.12937E+02   0.99954E+00   0.99954E+02

Variable 2 : del U/del n

Component 1 : 1

Nodal errors:
     Node#  Deriv#     Numerical      Analytic       % error  Absolute err  Relative err
         1       1   0.00000E+00   0.00000E+00   0.00000E+00   0.00000E+00   0.00000E+00
         2       1   0.00000E+00   0.00000E+00   0.00000E+00   0.00000E+00   0.00000E+00
         3       1   0.00000E+00   0.00000E+00   0.00000E+00   0.00000E+00   0.00000E+00
         4       1   0.00000E+00   0.00000E+00   0.00000E+00   0.00000E+00   0.00000E+00
         5       1   0.00000E+00   0.00000E+00   0.00000E+00   0.00000E+00   0.00000E+00
         6       1   0.00000E+00   0.00000E+00   0.00000E+00   0.00000E+00   0.00000E+00
         7       1   0.00000E+00   0.00000E+00   0.00000E+00   0.00000E+00   0.00000E+00
         8       1   0.00000E+00   0.00000E+00   0.00000E+00   0.00000E+00   0.00000E+00
         9       1   0.00000E+00   0.00000E+00   0.00000E+00   0.00000E+00   0.00000E+00
        10       1   0.00000E+00   0.00000E+00   0.00000E+00   0.00000E+00   0.00000E+00
        11       1   0.00000E+00   0.00000E+00   0.00000E+00   0.00000E+00   0.00000E+00
        12       1   0.00000E+00   0.00000E+00   0.00000E+00   0.00000E+00   0.00000E+00
        13       1   0.00000E+00   0.00000E+00   0.00000E+00   0.00000E+00   0.00000E+00
        14       1   0.00000E+00   0.00000E+00   0.00000E+00   0.00000E+00   0.00000E+00
        15       1   0.00000E+00   0.00000E+00   0.00000E+00   0.00000E+00   0.00000E+00
        16       1   0.00000E+00   0.00000E+00   0.00000E+00   0.00000E+00   0.00000E+00
        17       1   0.00000E+00   0.00000E+00   0.00000E+00   0.00000E+00   0.00000E+00
        18       1   0.00000E+00   0.00000E+00   0.00000E+00   0.00000E+00   0.00000E+00
        19       1   0.00000E+00   0.00000E+00   0.00000E+00   0.00000E+00   0.00000E+00
        20       1   0.00000E+00   0.00000E+00   0.00000E+00   0.00000E+00   0.00000E+00
        21       1   0.00000E+00   0.00000E+00   0.00000E+00   0.00000E+00   0.00000E+00
        22       1   0.00000E+00   0.00000E+00   0.00000E+00   0.00000E+00   0.00000E+00
        23       1   0.00000E+00   0.00000E+00   0.00000E+00   0.00000E+00   0.00000E+00
        24       1   0.00000E+00   0.00000E+00   0.00000E+00   0.00000E+00   0.00000E+00
        25       1   0.00000E+00   0.00000E+00   0.00000E+00   0.00000E+00   0.00000E+00
        46       1   0.00000E+00   0.00000E+00   0.00000E+00   0.00000E+00   0.00000E+00
        47       1   0.00000E+00   0.00000E+00   0.00000E+00   0.00000E+00   0.00000E+00
        48       1   0.00000E+00   0.00000E+00   0.00000E+00   0.00000E+00   0.00000E+00
        49       1   0.00000E+00   0.00000E+00   0.00000E+00   0.00000E+00   0.00000E+00
        50       1   0.00000E+00   0.00000E+00   0.00000E+00   0.00000E+00   0.00000E+00
        51       1   0.00000E+00   0.00000E+00   0.00000E+00   0.00000E+00   0.00000E+00
        52       1   0.00000E+00   0.00000E+00   0.00000E+00   0.00000E+00   0.00000E+00
        53       1   0.00000E+00   0.00000E+00   0.00000E+00   0.00000E+00   0.00000E+00
        54       1   0.00000E+00   0.00000E+00   0.00000E+00   0.00000E+00   0.00000E+00
        55       1   0.00000E+00   0.00000E+00   0.00000E+00   0.00000E+00   0.00000E+00
        56       1   0.00000E+00   0.00000E+00   0.00000E+00   0.00000E+00   0.00000E+00
        57       1   0.00000E+00   0.00000E+00   0.00000E+00   0.00000E+00   0.00000E+00
        58       1   0.00000E+00   0.00000E+00   0.00000E+00   0.00000E+00   0.00000E+00
        59       1   0.00000E+00   0.00000E+00   0.00000E+00   0.00000E+00   0.00000E+00
        60       1   0.00000E+00   0.00000E+00   0.00000E+00   0.00000E+00   0.00000E+00
        61       1   0.00000E+00   0.00000E+00   0.00000E+00   0.00000E+00   0.00000E+00
        62       1   0.00000E+00   0.00000E+00   0.00000E+00   0.00000E+00   0.00000E+00
        63       1   0.00000E+00   0.00000E+00   0.00000E+00   0.00000E+00   0.00000E+00
        64       1   0.00000E+00   0.00000E+00   0.00000E+00   0.00000E+00   0.00000E+00
        65       1   0.00000E+00   0.00000E+00   0.00000E+00   0.00000E+00   0.00000E+00
        66       1   0.00000E+00   0.00000E+00   0.00000E+00   0.00000E+00   0.00000E+00
        67       1   0.00000E+00   0.00000E+00   0.00000E+00   0.00000E+00   0.00000E+00
        68       1   0.00000E+00   0.00000E+00   0.00000E+00   0.00000E+00   0.00000E+00
        69       1   0.00000E+00   0.00000E+00   0.00000E+00   0.00000E+00   0.00000E+00
        70       1   0.00000E+00   0.00000E+00   0.00000E+00   0.00000E+00   0.00000E+00
        91       1   0.00000E+00   0.00000E+00   0.00000E+00   0.00000E+00   0.00000E+00
        92       1   0.00000E+00   0.00000E+00   0.00000E+00   0.00000E+00   0.00000E+00
        93       1   0.00000E+00   0.00000E+00   0.00000E+00   0.00000E+00   0.00000E+00
        94       1   0.00000E+00   0.00000E+00   0.00000E+00   0.00000E+00   0.00000E+00
        95       1   0.00000E+00   0.00000E+00   0.00000E+00   0.00000E+00   0.00000E+00
        96       1   0.00000E+00   0.00000E+00   0.00000E+00   0.00000E+00   0.00000E+00
        97       1   0.00000E+00   0.00000E+00   0.00000E+00   0.00000E+00   0.00000E+00
        98       1   0.00000E+00   0.00000E+00   0.00000E+00   0.00000E+00   0.00000E+00
        99       1   0.00000E+00   0.00000E+00   0.00000E+00   0.00000E+00   0.00000E+00
       100       1   0.00000E+00   0.00000E+00   0.00000E+00   0.00000E+00   0.00000E+00
       101       1   0.00000E+00   0.00000E+00   0.00000E+00   0.00000E+00   0.00000E+00
       102       1   0.00000E+00   0.00000E+00   0.00000E+00   0.00000E+00   0.00000E+00
       103       1   0.00000E+00   0.00000E+00   0.00000E+00   0.00000E+00   0.00000E+00
       104       1   0.00000E+00   0.00000E+00   0.00000E+00   0.00000E+00   0.00000E+00
       105       1   0.00000E+00   0.00000E+00   0.00000E+00   0.00000E+00   0.00000E+00
       106       1   0.00000E+00   0.00000E+00   0.00000E+00   0.00000E+00   0.00000E+00
       107       1   0.00000E+00   0.00000E+00   0.00000E+00   0.00000E+00   0.00000E+00
       108       1   0.00000E+00   0.00000E+00   0.00000E+00   0.00000E+00   0.00000E+00
       109       1   0.00000E+00   0.00000E+00   0.00000E+00   0.00000E+00   0.00000E+00
       110       1   0.00000E+00   0.00000E+00   0.00000E+00   0.00000E+00   0.00000E+00
       111       1   0.00000E+00   0.00000E+00   0.00000E+00   0.00000E+00   0.00000E+00
       112       1   0.00000E+00   0.00000E+00   0.00000E+00   0.00000E+00   0.00000E+00
       113       1   0.00000E+00   0.00000E+00   0.00000E+00   0.00000E+00   0.00000E+00
       114       1   0.00000E+00   0.00000E+00   0.00000E+00   0.00000E+00   0.00000E+00
       115       1   0.00000E+00   0.00000E+00   0.00000E+00   0.00000E+00   0.00000E+00
       136       1   0.00000E+00   0.00000E+00   0.00000E+00   0.00000E+00   0.00000E+00
       137       1   0.00000E+00   0.00000E+00   0.00000E+00   0.00000E+00   0.00000E+00
       138       1   0.00000E+00   0.00000E+00   0.00000E+00   0.00000E+00   0.00000E+00
       139       1   0.00000E+00   0.00000E+00   0.00000E+00   0.00000E+00   0.00000E+00
       140       1   0.00000E+00   0.00000E+00   0.00000E+00   0.00000E+00   0.00000E+00
       141       1   0.00000E+00   0.00000E+00   0.00000E+00   0.00000E+00   0.00000E+00
       142       1   0.00000E+00   0.00000E+00   0.00000E+00   0.00000E+00   0.00000E+00
       143       1   0.00000E+00   0.00000E+00   0.00000E+00   0.00000E+00   0.00000E+00
       144       1   0.00000E+00   0.00000E+00   0.00000E+00   0.00000E+00   0.00000E+00
       145       1   0.00000E+00   0.00000E+00   0.00000E+00   0.00000E+00   0.00000E+00
       146       1   0.00000E+00   0.00000E+00   0.00000E+00   0.00000E+00   0.00000E+00
       147       1   0.00000E+00   0.00000E+00   0.00000E+00   0.00000E+00   0.00000E+00
       148       1   0.00000E+00   0.00000E+00   0.00000E+00   0.00000E+00   0.00000E+00
       149       1   0.00000E+00   0.00000E+00   0.00000E+00   0.00000E+00   0.00000E+00
       150       1   0.00000E+00   0.00000E+00   0.00000E+00   0.00000E+00   0.00000E+00
       151       1   0.00000E+00   0.00000E+00   0.00000E+00   0.00000E+00   0.00000E+00
       152       1   0.00000E+00   0.00000E+00   0.00000E+00   0.00000E+00   0.00000E+00
       153       1   0.00000E+00   0.00000E+00   0.00000E+00   0.00000E+00   0.00000E+00
       154       1   0.00000E+00   0.00000E+00   0.00000E+00   0.00000E+00   0.00000E+00
       155       1   0.00000E+00   0.00000E+00   0.00000E+00   0.00000E+00   0.00000E+00
       156       1   0.00000E+00   0.00000E+00   0.00000E+00   0.00000E+00   0.00000E+00
       157       1   0.00000E+00   0.00000E+00   0.00000E+00   0.00000E+00   0.00000E+00
       158       1   0.00000E+00   0.00000E+00   0.00000E+00   0.00000E+00   0.00000E+00
       159       1   0.00000E+00   0.00000E+00   0.00000E+00   0.00000E+00   0.00000E+00
       160       1   0.00000E+00   0.00000E+00   0.00000E+00   0.00000E+00   0.00000E+00
       181       1   0.00000E+00   0.00000E+00   0.00000E+00   0.00000E+00   0.00000E+00
        26       1   0.00000E+00   0.00000E+00   0.00000E+00   0.00000E+00   0.00000E+00
        27       1   0.00000E+00   0.00000E+00   0.00000E+00   0.00000E+00   0.00000E+00
        28       1   0.00000E+00   0.00000E+00   0.00000E+00   0.00000E+00   0.00000E+00
        29       1   0.00000E+00   0.00000E+00   0.00000E+00   0.00000E+00   0.00000E+00
        30       1   0.00000E+00   0.00000E+00   0.00000E+00   0.00000E+00   0.00000E+00
        31       1   0.00000E+00   0.00000E+00   0.00000E+00   0.00000E+00   0.00000E+00
        32       1   0.00000E+00   0.00000E+00   0.00000E+00   0.00000E+00   0.00000E+00
        33       1   0.00000E+00   0.00000E+00   0.00000E+00   0.00000E+00   0.00000E+00
        34       1   0.00000E+00   0.00000E+00   0.00000E+00   0.00000E+00   0.00000E+00
        35       1   0.00000E+00   0.00000E+00   0.00000E+00   0.00000E+00   0.00000E+00
        71       1   0.00000E+00   0.00000E+00   0.00000E+00   0.00000E+00   0.00000E+00
        72       1   0.00000E+00   0.00000E+00   0.00000E+00   0.00000E+00   0.00000E+00
        73       1   0.00000E+00   0.00000E+00   0.00000E+00   0.00000E+00   0.00000E+00
        74       1   0.00000E+00   0.00000E+00   0.00000E+00   0.00000E+00   0.00000E+00
        75       1   0.00000E+00   0.00000E+00   0.00000E+00   0.00000E+00   0.00000E+00
        76       1   0.00000E+00   0.00000E+00   0.00000E+00   0.00000E+00   0.00000E+00
        77       1   0.00000E+00   0.00000E+00   0.00000E+00   0.00000E+00   0.00000E+00
        78       1   0.00000E+00   0.00000E+00   0.00000E+00   0.00000E+00   0.00000E+00
        79       1   0.00000E+00   0.00000E+00   0.00000E+00   0.00000E+00   0.00000E+00
        80       1   0.00000E+00   0.00000E+00   0.00000E+00   0.00000E+00   0.00000E+00
       116       1   0.00000E+00   0.00000E+00   0.00000E+00   0.00000E+00   0.00000E+00
       117       1   0.00000E+00   0.00000E+00   0.00000E+00   0.00000E+00   0.00000E+00
       118       1   0.00000E+00   0.00000E+00   0.00000E+00   0.00000E+00   0.00000E+00
       119       1   0.00000E+00   0.00000E+00   0.00000E+00   0.00000E+00   0.00000E+00
       120       1   0.00000E+00   0.00000E+00   0.00000E+00   0.00000E+00   0.00000E+00
       121       1   0.00000E+00   0.00000E+00   0.00000E+00   0.00000E+00   0.00000E+00
       122       1   0.00000E+00   0.00000E+00   0.00000E+00   0.00000E+00   0.00000E+00
       123       1   0.00000E+00   0.00000E+00   0.00000E+00   0.00000E+00   0.00000E+00
       124       1   0.00000E+00   0.00000E+00   0.00000E+00   0.00000E+00   0.00000E+00
       125       1   0.00000E+00   0.00000E+00   0.00000E+00   0.00000E+00   0.00000E+00
       161       1   0.00000E+00   0.00000E+00   0.00000E+00   0.00000E+00   0.00000E+00
       162       1   0.00000E+00   0.00000E+00   0.00000E+00   0.00000E+00   0.00000E+00
       163       1   0.00000E+00   0.00000E+00   0.00000E+00   0.00000E+00   0.00000E+00
       164       1   0.00000E+00   0.00000E+00   0.00000E+00   0.00000E+00   0.00000E+00
       165       1   0.00000E+00   0.00000E+00   0.00000E+00   0.00000E+00   0.00000E+00
       166       1   0.00000E+00   0.00000E+00   0.00000E+00   0.00000E+00   0.00000E+00
       167       1   0.00000E+00   0.00000E+00   0.00000E+00   0.00000E+00   0.00000E+00
       168       1   0.00000E+00   0.00000E+00   0.00000E+00   0.00000E+00   0.00000E+00
       169       1   0.00000E+00   0.00000E+00   0.00000E+00   0.00000E+00   0.00000E+00
       170       1   0.00000E+00   0.00000E+00   0.00000E+00   0.00000E+00   0.00000E+00
       182       1   0.00000E+00   0.00000E+00   0.00000E+00   0.00000E+00   0.00000E+00
       183       1   0.00000E+00   0.00000E+00   0.00000E+00   0.00000E+00   0.00000E+00
       184       1   0.00000E+00   0.00000E+00   0.00000E+00   0.00000E+00   0.00000E+00
       185       1   0.00000E+00   0.00000E+00   0.00000E+00   0.00000E+00   0.00000E+00
       186       1   0.00000E+00   0.00000E+00   0.00000E+00   0.00000E+00   0.00000E+00
       187       1   0.00000E+00   0.00000E+00   0.00000E+00   0.00000E+00   0.00000E+00
       188       1   0.00000E+00   0.00000E+00   0.00000E+00   0.00000E+00   0.00000E+00
       189       1   0.00000E+00   0.00000E+00   0.00000E+00   0.00000E+00   0.00000E+00
       190       1   0.00000E+00   0.00000E+00   0.00000E+00   0.00000E+00   0.00000E+00
       191       1   0.00000E+00   0.00000E+00   0.00000E+00   0.00000E+00   0.00000E+00
       192       1   0.00000E+00   0.00000E+00   0.00000E+00   0.00000E+00   0.00000E+00
       193       1   0.00000E+00   0.00000E+00   0.00000E+00   0.00000E+00   0.00000E+00
       194       1   0.00000E+00   0.00000E+00   0.00000E+00   0.00000E+00   0.00000E+00
       195       1   0.00000E+00   0.00000E+00   0.00000E+00   0.00000E+00   0.00000E+00
       196       1   0.00000E+00   0.00000E+00   0.00000E+00   0.00000E+00   0.00000E+00
       197       1   0.00000E+00   0.00000E+00   0.00000E+00   0.00000E+00   0.00000E+00
       198       1   0.00000E+00   0.00000E+00   0.00000E+00   0.00000E+00   0.00000E+00
       199       1   0.00000E+00   0.00000E+00   0.00000E+00   0.00000E+00   0.00000E+00
       200       1   0.00000E+00   0.00000E+00   0.00000E+00   0.00000E+00   0.00000E+00
       201       1   0.00000E+00   0.00000E+00   0.00000E+00   0.00000E+00   0.00000E+00
       202       1   0.00000E+00   0.00000E+00   0.00000E+00   0.00000E+00   0.00000E+00
       203       1   0.00000E+00   0.00000E+00   0.00000E+00   0.00000E+00   0.00000E+00
       204       1   0.00000E+00   0.00000E+00   0.00000E+00   0.00000E+00   0.00000E+00
       205       1   0.00000E+00   0.00000E+00   0.00000E+00   0.00000E+00   0.00000E+00
       206       1   0.00000E+00   0.00000E+00   0.00000E+00   0.00000E+00   0.00000E+00
       207       1   0.00000E+00   0.00000E+00   0.00000E+00   0.00000E+00   0.00000E+00
       208       1   0.00000E+00   0.00000E+00   0.00000E+00   0.00000E+00   0.00000E+00
       209       1   0.00000E+00   0.00000E+00   0.00000E+00   0.00000E+00   0.00000E+00
       210       1   0.00000E+00   0.00000E+00   0.00000E+00   0.00000E+00   0.00000E+00
       211       1   0.00000E+00   0.00000E+00   0.00000E+00   0.00000E+00   0.00000E+00
       212       1   0.00000E+00   0.00000E+00   0.00000E+00   0.00000E+00   0.00000E+00
       213       1   0.00000E+00   0.00000E+00   0.00000E+00   0.00000E+00   0.00000E+00
       214       1   0.00000E+00   0.00000E+00   0.00000E+00   0.00000E+00   0.00000E+00
       215       1   0.00000E+00   0.00000E+00   0.00000E+00   0.00000E+00   0.00000E+00
       226       1   0.00000E+00   0.00000E+00   0.00000E+00   0.00000E+00   0.00000E+00
       227       1   0.00000E+00   0.00000E+00   0.00000E+00   0.00000E+00   0.00000E+00
       228       1   0.00000E+00   0.00000E+00   0.00000E+00   0.00000E+00   0.00000E+00
       229       1   0.00000E+00   0.00000E+00   0.00000E+00   0.00000E+00   0.00000E+00
       230       1   0.00000E+00   0.00000E+00   0.00000E+00   0.00000E+00   0.00000E+00
       231       1   0.00000E+00   0.00000E+00   0.00000E+00   0.00000E+00   0.00000E+00
       232       1   0.00000E+00   0.00000E+00   0.00000E+00   0.00000E+00   0.00000E+00
       233       1   0.00000E+00   0.00000E+00   0.00000E+00   0.00000E+00   0.00000E+00
       234       1   0.00000E+00   0.00000E+00   0.00000E+00   0.00000E+00   0.00000E+00
       235       1   0.00000E+00   0.00000E+00   0.00000E+00   0.00000E+00   0.00000E+00
       236       1   0.00000E+00   0.00000E+00   0.00000E+00   0.00000E+00   0.00000E+00
       237       1   0.00000E+00   0.00000E+00   0.00000E+00   0.00000E+00   0.00000E+00
       238       1   0.00000E+00   0.00000E+00   0.00000E+00   0.00000E+00   0.00000E+00
       239       1   0.00000E+00   0.00000E+00   0.00000E+00   0.00000E+00   0.00000E+00
       240       1   0.00000E+00   0.00000E+00   0.00000E+00   0.00000E+00   0.00000E+00
       241       1   0.00000E+00   0.00000E+00   0.00000E+00   0.00000E+00   0.00000E+00
       242       1   0.00000E+00   0.00000E+00   0.00000E+00   0.00000E+00   0.00000E+00
       243       1   0.00000E+00   0.00000E+00   0.00000E+00   0.00000E+00   0.00000E+00
       244       1   0.00000E+00   0.00000E+00   0.00000E+00   0.00000E+00   0.00000E+00
       245       1   0.00000E+00   0.00000E+00   0.00000E+00   0.00000E+00   0.00000E+00
       246       1   0.00000E+00   0.00000E+00   0.00000E+00   0.00000E+00   0.00000E+00
       247       1   0.00000E+00   0.00000E+00   0.00000E+00   0.00000E+00   0.00000E+00
       248       1   0.00000E+00   0.00000E+00   0.00000E+00   0.00000E+00   0.00000E+00
       249       1   0.00000E+00   0.00000E+00   0.00000E+00   0.00000E+00   0.00000E+00
       250       1   0.00000E+00   0.00000E+00   0.00000E+00   0.00000E+00   0.00000E+00
       251       1   0.00000E+00   0.00000E+00   0.00000E+00   0.00000E+00   0.00000E+00
       252       1   0.00000E+00   0.00000E+00   0.00000E+00   0.00000E+00   0.00000E+00
       253       1   0.00000E+00   0.00000E+00   0.00000E+00   0.00000E+00   0.00000E+00
       254       1   0.00000E+00   0.00000E+00   0.00000E+00   0.00000E+00   0.00000E+00
       255       1   0.00000E+00   0.00000E+00   0.00000E+00   0.00000E+00   0.00000E+00
       256       1   0.00000E+00   0.00000E+00   0.00000E+00   0.00000E+00   0.00000E+00
       257       1   0.00000E+00   0.00000E+00   0.00000E+00   0.00000E+00   0.00000E+00
       258       1   0.00000E+00   0.00000E+00   0.00000E+00   0.00000E+00   0.00000E+00
       259       1   0.00000E+00   0.00000E+00   0.00000E+00   0.00000E+00   0.00000E+00
       260       1   0.00000E+00   0.00000E+00   0.00000E+00   0.00000E+00   0.00000E+00
       271       1   0.00000E+00   0.00000E+00   0.00000E+00   0.00000E+00   0.00000E+00
       272       1   0.00000E+00   0.00000E+00   0.00000E+00   0.00000E+00   0.00000E+00
       273       1   0.00000E+00   0.00000E+00   0.00000E+00   0.00000E+00   0.00000E+00
       274       1   0.00000E+00   0.00000E+00   0.00000E+00   0.00000E+00   0.00000E+00
       275       1   0.00000E+00   0.00000E+00   0.00000E+00   0.00000E+00   0.00000E+00
       276       1   0.00000E+00   0.00000E+00   0.00000E+00   0.00000E+00   0.00000E+00
       277       1   0.00000E+00   0.00000E+00   0.00000E+00   0.00000E+00   0.00000E+00
       278       1   0.00000E+00   0.00000E+00   0.00000E+00   0.00000E+00   0.00000E+00
       279       1   0.00000E+00   0.00000E+00   0.00000E+00   0.00000E+00   0.00000E+00
       280       1   0.00000E+00   0.00000E+00   0.00000E+00   0.00000E+00   0.00000E+00
       281       1   0.00000E+00   0.00000E+00   0.00000E+00   0.00000E+00   0.00000E+00
       282       1   0.00000E+00   0.00000E+00   0.00000E+00   0.00000E+00   0.00000E+00
       283       1   0.00000E+00   0.00000E+00   0.00000E+00   0.00000E+00   0.00000E+00
       284       1   0.00000E+00   0.00000E+00   0.00000E+00   0.00000E+00   0.00000E+00
       285       1   0.00000E+00   0.00000E+00   0.00000E+00   0.00000E+00   0.00000E+00
       286       1   0.00000E+00   0.00000E+00   0.00000E+00   0.00000E+00   0.00000E+00
       287       1   0.00000E+00   0.00000E+00   0.00000E+00   0.00000E+00   0.00000E+00
       288       1   0.00000E+00   0.00000E+00   0.00000E+00   0.00000E+00   0.00000E+00
       289       1   0.00000E+00   0.00000E+00   0.00000E+00   0.00000E+00   0.00000E+00
       290       1   0.00000E+00   0.00000E+00   0.00000E+00   0.00000E+00   0.00000E+00
       291       1   0.00000E+00   0.00000E+00   0.00000E+00   0.00000E+00   0.00000E+00
       292       1   0.00000E+00   0.00000E+00   0.00000E+00   0.00000E+00   0.00000E+00
       293       1   0.00000E+00   0.00000E+00   0.00000E+00   0.00000E+00   0.00000E+00
       294       1   0.00000E+00   0.00000E+00   0.00000E+00   0.00000E+00   0.00000E+00
       295       1   0.00000E+00   0.00000E+00   0.00000E+00   0.00000E+00   0.00000E+00
       296       1   0.00000E+00   0.00000E+00   0.00000E+00   0.00000E+00   0.00000E+00
       297       1   0.00000E+00   0.00000E+00   0.00000E+00   0.00000E+00   0.00000E+00
       298       1   0.00000E+00   0.00000E+00   0.00000E+00   0.00000E+00   0.00000E+00
       299       1   0.00000E+00   0.00000E+00   0.00000E+00   0.00000E+00   0.00000E+00
       300       1   0.00000E+00   0.00000E+00   0.00000E+00   0.00000E+00   0.00000E+00
       301       1   0.00000E+00   0.00000E+00   0.00000E+00   0.00000E+00   0.00000E+00
       302       1   0.00000E+00   0.00000E+00   0.00000E+00   0.00000E+00   0.00000E+00
       303       1   0.00000E+00   0.00000E+00   0.00000E+00   0.00000E+00   0.00000E+00
       304       1   0.00000E+00   0.00000E+00   0.00000E+00   0.00000E+00   0.00000E+00
       305       1   0.00000E+00   0.00000E+00   0.00000E+00   0.00000E+00   0.00000E+00

Local RMS errors:
            Deriv#                                   % error  Absolute err  Relative err
                 1                               0.00000E+00   0.00000E+00   0.00000E+00
Local + Ghost RMS errors:
            Deriv#                                   % error  Absolute err  Relative err
                 1                               0.00000E+00   0.00000E+00   0.00000E+00
Global RMS errors:
            Deriv#                                   % error  Absolute err  Relative err
                 1                               0.00000E+00   0.00000E+00   0.00000E+00

Local Integral errors:
Component#             Numerical      Analytic       % error  Absolute err  Relative err
         1  Intg     0.00000E+00   0.00000E+00   0.00000E+00   0.00000E+00   0.00000E+00
            Intg^2   0.00000E+00   0.00000E+00   0.00000E+00   0.00000E+00   0.00000E+00
Component#             Numerical      Analytic           NID        NID(%)
         1  Diff     0.00000E+00   0.00000E+00   0.00000E+00   0.00000E+00
            Diff^2   0.00000E+00   0.00000E+00   0.00000E+00   0.00000E+00
Local + Ghost Integral errors:
Component#             Numerical      Analytic       % error  Absolute err  Relative err
         1  Intg     0.00000E+00   0.00000E+00   0.00000E+00   0.00000E+00   0.00000E+00
            Intg^2   0.00000E+00   0.00000E+00   0.00000E+00   0.00000E+00   0.00000E+00
Component#             Numerical      Analytic           NID        NID(%)
         1  Diff     0.00000E+00   0.00000E+00   0.00000E+00   0.00000E+00
            Diff^2   0.00000E+00   0.00000E+00   0.00000E+00   0.00000E+00
Global Integral errors:
Component#             Numerical      Analytic       % error  Absolute err  Relative err
         1  Intg     0.00000E+00   0.00000E+00   0.00000E+00   0.00000E+00   0.00000E+00
            Intg^2   0.00000E+00   0.00000E+00   0.00000E+00   0.00000E+00   0.00000E+00
Component#             Numerical      Analytic           NID        NID(%)
         1  Diff     0.00000E+00   0.00000E+00   0.00000E+00   0.00000E+00
            Diff^2   0.00000E+00   0.00000E+00   0.00000E+00   0.00000E+00
